white,12 0,12 0,12 0,12 0,12 0,5 0,1 1,1 2,5 0,5 0,1 2,1 1,5 0,12 0,12 0,12 0,12 0,12 0,end
black,12 0,12 0,12 0,12 0,12 0,5 0,1 1,1 2,5 0,5 0,2 1,5 0,5 0,1 1,6 0,12 0,12 0,12 0,12 0,end
white,12 0,12 0,12 0,12 0,12 0,4 0,3 2,5 0,5 0,2 1,5 0,5 0,1 1,6 0,12 0,12 0,12 0,12 0,end
black,12 0,12 0,12 0,12 0,3 0,1 1,8 0,4 0,1 1,2 2,5 0,5 0,2 1,5 0,5 0,1 1,6 0,12 0,12 0,12 0,12 0,end
white,12 0,12 0,12 0,12 0,3 0,1 1,8 0,4 0,1 1,2 2,5 0,5 0,1 1,1 2,5 0,5 0,1 1,1 0,1 2,4 0,12 0,12 0,12 0,12 0,end
black,12 0,12 0,12 0,12 0,3 0,1 1,3 0,1 1,4 0,4 0,1 1,1 2,1 1,5 0,5 0,1 1,1 2,5 0,5 0,1 1,1 0,1 2,4 0,12 0,12 0,12 0,12 0,end
white,12 0,12 0,12 0,12 0,3 0,1 1,3 0,1 1,4 0,3 0,3 2,1 1,5 0,5 0,1 1,1 2,5 0,5 0,1 1,1 0,1 2,4 0,12 0,12 0,12 0,12 0,end
black,12 0,12 0,12 0,12 0,3 0,1 1,3 0,1 1,4 0,3 0,3 2,1 1,5 0,5 0,3 1,4 0,5 0,1 1,1 0,1 2,4 0,12 0,12 0,12 0,12 0,end
white,12 0,12 0,12 0,2 0,1 2,9 0,3 0,1 2,3 0,1 1,4 0,3 0,3 2,1 1,5 0,5 0,3 1,4 0,5 0,1 1,1 0,1 2,4 0,12 0,12 0,12 0,12 0,end
black,12 0,12 0,12 0,2 0,1 2,9 0,3 0,1 2,3 0,1 1,4 0,2 0,5 1,5 0,5 0,3 1,4 0,5 0,1 1,1 0,1 2,4 0,12 0,12 0,12 0,12 0,end
white,12 0,12 0,12 0,2 0,1 2,9 0,3 0,1 2,3 0,1 1,4 0,2 0,2 1,1 2,2 1,5 0,5 0,1 2,2 1,4 0,5 0,1 1,2 2,4 0,12 0,12 0,12 0,12 0,end
black,12 0,12 0,12 0,2 0,1 2,9 0,3 0,1 2,3 0,1 1,4 0,2 0,2 1,1 2,2 1,5 0,4 0,4 1,4 0,5 0,1 1,2 2,4 0,12 0,12 0,12 0,12 0,end
white,12 0,12 0,12 0,2 0,1 2,9 0,3 0,2 2,2 0,1 1,4 0,2 0,2 1,2 2,1 1,5 0,4 0,2 1,1 2,1 1,4 0,5 0,1 1,2 2,4 0,12 0,12 0,12 0,12 0,end
black,12 0,12 0,12 0,2 0,1 2,1 0,1 1,7 0,3 0,2 1,2 0,1 1,4 0,2 0,3 1,1 2,1 1,5 0,4 0,2 1,1 2,1 1,4 0,5 0,1 1,2 2,4 0,12 0,12 0,12 0,12 0,end
white,12 0,12 0,12 0,2 0,1 2,1 0,1 1,7 0,3 0,2 1,1 0,1 2,1 1,4 0,2 0,3 1,2 2,5 0,4 0,2 1,1 2,1 1,4 0,5 0,1 1,2 2,4 0,12 0,12 0,12 0,12 0,end
black,12 0,12 0,12 0,2 0,1 2,1 0,1 1,7 0,3 0,2 1,1 0,1 2,1 1,4 0,2 0,6 1,4 0,4 0,4 1,4 0,5 0,1 1,2 2,4 0,12 0,12 0,12 0,12 0,end
white,12 0,12 0,12 0,2 0,1 2,1 0,1 1,7 0,3 0,2 1,1 0,1 2,1 1,4 0,2 0,3 1,1 2,2 1,4 0,4 0,1 2,3 1,4 0,3 0,1 2,1 0,1 1,2 2,4 0,12 0,12 0,12 0,12 0,end
black,12 0,12 0,12 0,2 0,1 2,1 0,1 1,1 0,1 1,5 0,3 0,2 1,1 0,2 1,4 0,2 0,3 1,1 2,2 1,4 0,4 0,1 2,3 1,4 0,3 0,1 2,1 0,1 1,2 2,4 0,12 0,12 0,12 0,12 0,end
white,12 0,12 0,12 0,2 0,1 2,1 0,1 1,1 0,1 1,5 0,3 0,2 1,1 0,2 1,4 0,2 0,3 1,1 2,2 1,4 0,4 0,5 2,3 0,3 0,1 2,1 0,1 1,2 2,4 0,12 0,12 0,12 0,12 0,end
black,12 0,12 0,12 0,2 0,1 2,1 0,1 1,1 0,1 1,5 0,3 0,2 1,1 0,2 1,4 0,2 0,3 1,1 2,2 1,4 0,4 0,3 2,1 1,1 2,3 0,3 0,1 2,1 0,4 1,3 0,12 0,12 0,12 0,12 0,end
white,12 0,12 0,6 0,1 2,5 0,2 0,1 2,1 0,1 1,1 0,1 2,5 0,3 0,2 1,1 0,1 2,1 1,4 0,2 0,3 1,2 2,1 1,4 0,4 0,3 2,1 1,1 2,3 0,3 0,1 2,1 0,4 1,3 0,12 0,12 0,12 0,12 0,end
black,12 0,12 0,6 0,1 2,5 0,2 0,1 2,1 0,2 1,1 2,5 0,3 0,2 1,1 0,2 1,4 0,2 0,3 1,2 2,1 1,4 0,4 0,3 2,1 1,1 2,3 0,3 0,1 2,1 0,4 1,3 0,12 0,12 0,12 0,12 0,end
white,12 0,12 0,6 0,1 2,5 0,2 0,1 2,1 0,2 1,1 2,5 0,3 0,2 1,1 0,2 1,4 0,2 0,3 1,2 2,1 1,4 0,4 0,3 2,1 1,1 2,3 0,3 0,1 2,1 0,1 2,3 1,3 0,4 0,1 2,7 0,12 0,12 0,12 0,end
black,12 0,12 0,6 0,1 2,5 0,2 0,1 2,1 0,2 1,1 2,5 0,3 0,2 1,1 0,2 1,4 0,2 0,3 1,1 2,2 1,4 0,4 0,2 1,1 2,1 1,1 2,3 0,3 0,1 2,5 1,3 0,4 0,1 2,7 0,12 0,12 0,12 0,end
white,12 0,12 0,6 0,1 2,5 0,2 0,1 2,1 0,2 1,1 2,5 0,3 0,2 1,1 0,2 1,4 0,2 0,3 1,1 2,2 1,4 0,4 0,2 1,1 2,1 1,1 2,3 0,3 0,1 2,3 1,2 2,3 0,4 0,1 2,3 0,1 2,3 0,12 0,12 0,12 0,end
black,12 0,12 0,6 0,1 2,5 0,2 0,1 2,1 0,2 1,1 2,5 0,3 0,5 1,4 0,2 0,6 1,4 0,4 0,2 1,1 2,1 1,1 2,3 0,3 0,1 2,3 1,2 2,3 0,4 0,1 2,3 0,1 2,3 0,12 0,12 0,12 0,end
white,12 0,12 0,6 0,1 2,5 0,2 0,1 2,1 0,2 1,1 2,5 0,3 0,2 1,1 2,2 1,4 0,2 0,2 1,1 2,3 1,4 0,3 0,4 2,1 1,1 2,3 0,3 0,1 2,3 1,2 2,3 0,4 0,1 2,3 0,1 2,3 0,12 0,12 0,12 0,end
black,12 0,12 0,6 0,1 2,5 0,2 0,1 2,1 0,2 1,1 2,5 0,3 0,2 1,1 2,2 1,4 0,2 0,2 1,1 2,3 1,4 0,3 0,1 2,1 1,2 2,1 1,1 2,3 0,3 0,4 1,2 2,3 0,2 0,1 1,1 0,1 2,3 0,1 2,3 0,12 0,12 0,12 0,end
white,12 0,12 0,6 0,1 2,5 0,2 0,1 2,1 0,2 1,2 2,4 0,3 0,2 1,1 2,1 1,1 2,4 0,2 0,2 1,1 2,2 1,1 2,4 0,3 0,1 2,1 1,4 2,3 0,3 0,4 1,2 2,3 0,2 0,1 1,1 0,1 2,3 0,1 2,3 0,12 0,12 0,12 0,end
black,12 0,12 0,6 0,1 2,5 0,2 0,1 2,1 0,2 1,2 2,4 0,3 0,2 1,1 2,1 1,1 2,4 0,2 0,2 1,1 2,4 1,3 0,3 0,1 2,1 1,2 2,1 1,1 2,3 0,3 0,4 1,2 2,3 0,2 0,1 1,1 0,1 2,3 0,1 2,3 0,12 0,12 0,12 0,end
white,12 0,12 0,6 0,1 2,5 0,2 0,6 2,4 0,3 0,3 2,1 1,1 2,4 0,2 0,1 1,3 2,3 1,3 0,3 0,1 2,1 1,2 2,1 1,1 2,3 0,3 0,4 1,2 2,3 0,2 0,1 1,1 0,1 2,3 0,1 2,3 0,12 0,12 0,12 0,end
black,12 0,12 0,6 0,1 2,5 0,2 0,6 2,4 0,3 0,3 2,1 1,1 2,4 0,2 0,1 1,3 2,3 1,3 0,3 0,1 2,1 1,2 2,2 1,3 0,3 0,4 1,1 2,1 1,3 0,2 0,1 1,1 0,1 2,3 0,1 1,3 0,8 0,1 1,3 0,12 0,12 0,end
white,12 0,12 0,6 0,1 2,5 0,2 0,6 2,4 0,3 0,3 2,1 1,2 2,3 0,2 0,1 1,3 2,1 1,1 2,1 1,3 0,3 0,1 2,1 1,2 2,2 1,3 0,3 0,4 1,1 2,1 1,3 0,2 0,1 1,1 0,1 2,3 0,1 1,3 0,8 0,1 1,3 0,12 0,12 0,end
black,12 0,12 0,6 0,1 2,5 0,2 0,6 2,4 0,3 0,3 2,1 1,2 2,3 0,2 0,1 1,3 2,1 1,1 2,1 1,3 0,3 0,1 2,1 1,2 2,2 1,3 0,3 0,4 1,1 2,1 1,3 0,2 0,1 1,1 0,1 1,3 0,1 1,3 0,4 0,1 1,3 0,1 1,3 0,12 0,12 0,end
white,12 0,12 0,6 0,1 2,5 0,2 0,6 2,4 0,3 0,3 2,1 1,2 2,3 0,1 0,5 2,1 1,1 2,1 1,3 0,3 0,1 2,1 1,2 2,2 1,3 0,3 0,4 1,1 2,1 1,3 0,2 0,1 1,1 0,1 1,3 0,1 1,3 0,4 0,1 1,3 0,1 1,3 0,12 0,12 0,end
black,12 0,12 0,3 0,1 1,2 0,1 2,5 0,2 0,1 2,2 1,3 2,4 0,3 0,1 1,1 2,2 1,2 2,3 0,1 0,2 2,1 1,2 2,1 1,1 2,1 1,3 0,3 0,2 1,2 2,2 1,3 0,3 0,4 1,1 2,1 1,3 0,2 0,1 1,1 0,1 1,3 0,1 1,3 0,4 0,1 1,3 0,1 1,3 0,12 0,12 0,end
white,12 0,12 0,3 0,1 1,2 0,1 2,5 0,2 0,1 2,2 1,3 2,4 0,3 0,1 1,1 2,2 1,2 2,3 0,1 0,2 2,1 1,2 2,1 1,2 2,3 0,3 0,2 1,5 2,2 0,3 0,4 1,1 2,1 1,3 0,2 0,1 1,1 0,1 1,3 0,1 1,3 0,4 0,1 1,3 0,1 1,3 0,12 0,12 0,end
black,12 0,12 0,3 0,1 1,2 0,1 2,5 0,2 0,1 2,2 1,3 2,4 0,3 0,1 1,1 2,2 1,2 2,3 0,1 0,1 2,2 1,2 2,1 1,2 2,3 0,1 0,1 1,1 0,2 1,5 2,2 0,3 0,4 1,1 2,1 1,3 0,2 0,1 1,1 0,1 1,3 0,1 1,3 0,4 0,1 1,3 0,1 1,3 0,12 0,12 0,end
white,12 0,12 0,3 0,1 1,2 0,1 2,5 0,2 0,1 2,2 1,3 2,4 0,3 0,1 1,1 2,2 1,2 2,3 0,1 0,1 2,1 1,3 2,1 1,2 2,3 0,1 0,1 1,8 2,2 0,3 0,4 1,1 2,1 1,3 0,2 0,1 1,1 0,1 1,3 0,1 1,3 0,4 0,1 1,3 0,1 1,3 0,12 0,12 0,end
black,12 0,12 0,3 0,1 1,2 0,1 2,5 0,2 0,1 2,2 1,3 2,4 0,3 0,1 1,1 2,2 1,2 2,3 0,1 0,1 2,1 1,3 2,2 1,1 2,3 0,1 0,1 1,6 2,1 1,1 2,2 0,3 0,4 1,1 2,2 1,2 0,2 0,1 1,1 0,1 1,3 0,1 1,3 0,4 0,1 1,3 0,1 1,3 0,12 0,12 0,end
white,12 0,12 0,3 0,1 1,2 0,1 2,5 0,2 0,1 2,2 1,3 2,4 0,3 0,1 1,1 2,2 1,2 2,3 0,1 0,1 2,1 1,3 2,2 1,1 2,3 0,1 0,1 1,6 2,1 1,1 2,2 0,3 0,2 1,1 2,1 1,1 2,2 1,2 0,2 0,1 1,1 0,1 2,3 0,1 1,3 0,3 0,1 2,1 1,3 0,1 1,3 0,12 0,12 0,end
black,12 0,12 0,3 0,1 1,2 0,1 2,5 0,2 0,1 2,2 1,3 2,4 0,3 0,1 1,1 2,2 1,2 2,3 0,3 1,3 2,2 1,1 2,3 0,1 0,1 1,6 2,1 1,1 2,2 0,3 0,2 1,1 2,1 1,1 2,2 1,2 0,2 0,1 1,1 0,1 2,3 0,1 1,3 0,3 0,1 2,1 1,3 0,1 1,3 0,12 0,12 0,end
white,12 0,12 0,3 0,1 1,2 0,1 2,5 0,2 0,1 2,2 1,3 2,4 0,3 0,1 1,1 2,2 1,2 2,3 0,3 1,3 2,2 1,1 2,3 0,1 0,1 1,6 2,1 1,1 2,2 0,3 0,2 1,1 2,1 1,3 2,2 0,2 0,1 1,1 0,1 2,3 0,1 1,1 2,2 0,3 0,1 2,1 1,3 0,1 1,3 0,12 0,12 0,end
black,12 0,12 0,3 0,1 1,2 0,1 2,5 0,2 0,1 2,2 1,3 2,4 0,3 0,1 1,1 2,2 1,2 2,3 0,3 1,3 2,2 1,1 2,3 0,1 0,1 1,5 2,2 1,1 2,2 0,3 0,2 1,1 2,1 1,1 2,1 1,1 2,2 0,2 0,1 1,1 0,1 2,3 0,2 1,2 0,3 0,1 2,1 1,3 0,1 1,1 0,1 1,1 0,12 0,12 0,end
white,12 0,3 0,1 2,8 0,3 0,1 2,2 0,1 2,5 0,2 0,2 2,1 1,3 2,4 0,3 0,2 2,2 1,2 2,3 0,3 1,3 2,2 1,1 2,3 0,1 0,1 1,5 2,2 1,1 2,2 0,3 0,2 1,1 2,1 1,1 2,1 1,1 2,2 0,2 0,1 1,1 0,1 2,3 0,2 1,2 0,3 0,1 2,1 1,3 0,1 1,1 0,1 1,1 0,12 0,12 0,end
black,12 0,3 0,1 2,8 0,2 0,1 1,1 2,2 0,1 2,5 0,2 0,1 2,2 1,3 2,4 0,3 0,1 2,3 1,2 2,3 0,3 1,2 2,3 1,1 2,3 0,1 0,1 1,4 2,3 1,1 2,2 0,3 0,2 1,1 2,3 1,1 2,2 0,2 0,1 1,1 0,1 2,3 0,2 1,2 0,3 0,1 2,1 1,3 0,1 1,1 0,1 1,1 0,12 0,12 0,end
white,12 0,3 0,1 2,8 0,2 0,1 1,1 2,2 0,1 2,5 0,2 0,1 2,2 1,3 2,4 0,3 0,1 2,3 1,2 2,3 0,3 1,2 2,3 1,1 2,3 0,1 0,1 1,4 2,3 1,1 2,2 0,3 0,2 1,1 2,3 1,1 2,2 0,2 0,1 1,1 0,1 2,3 0,1 2,1 1,2 0,3 0,1 2,1 1,2 0,1 2,1 1,1 0,1 1,1 0,12 0,12 0,end
black,12 0,3 0,1 2,8 0,2 0,1 1,1 2,1 0,1 1,1 2,5 0,2 0,1 2,3 1,2 2,4 0,3 0,1 2,3 1,2 2,3 0,3 1,2 2,3 1,1 2,3 0,1 0,1 1,4 2,3 1,1 2,2 0,3 0,2 1,1 2,3 1,1 2,2 0,2 0,1 1,1 0,1 2,3 0,1 2,1 1,2 0,3 0,1 2,1 1,2 0,1 2,1 1,1 0,1 1,1 0,12 0,12 0,end
white,12 0,3 0,1 2,8 0,2 0,1 1,1 2,1 0,1 1,1 2,5 0,2 0,1 2,3 1,2 2,4 0,3 0,1 2,3 1,2 2,3 0,3 1,2 2,3 1,1 2,3 0,1 0,1 1,4 2,3 1,1 2,2 0,1 0,1 2,1 0,2 1,1 2,3 1,1 2,2 0,2 0,1 2,1 0,1 2,3 0,1 2,1 1,2 0,3 0,1 2,1 1,2 0,1 2,1 1,1 0,1 1,1 0,12 0,12 0,end
black,12 0,3 0,1 2,8 0,2 0,1 1,1 2,1 0,1 1,1 2,5 0,2 0,1 2,3 1,2 2,4 0,3 0,1 2,6 1,2 0,3 1,2 2,4 1,3 0,1 0,1 1,4 2,3 1,1 2,2 0,1 0,1 2,1 0,2 1,1 2,3 1,1 2,2 0,2 0,1 2,1 0,1 2,3 0,1 2,1 1,2 0,3 0,1 2,1 1,2 0,1 2,1 1,1 0,1 1,1 0,12 0,12 0,end
white,12 0,3 0,1 2,8 0,2 0,1 1,1 2,1 0,1 1,1 2,5 0,2 0,1 2,3 1,2 2,4 0,3 0,1 2,3 1,1 2,2 1,2 0,3 1,2 2,2 1,1 2,1 1,3 0,1 0,1 1,4 2,1 1,1 2,1 1,1 2,2 0,1 0,1 2,1 0,2 1,5 2,2 0,2 0,1 2,1 0,1 2,2 0,2 2,1 1,2 0,3 0,1 2,1 1,2 0,1 2,1 1,1 0,1 1,1 0,12 0,12 0,end
black,12 0,3 0,1 2,8 0,2 0,1 1,1 2,1 0,1 1,1 2,5 0,2 0,1 2,3 1,2 2,4 0,3 0,1 2,3 1,1 2,2 1,2 0,3 1,2 2,2 1,1 2,1 1,3 0,1 0,1 1,4 2,1 1,1 2,1 1,1 2,2 0,1 0,1 2,1 0,3 1,4 2,2 0,2 0,1 2,1 0,1 1,2 0,2 2,1 1,2 0,3 0,2 1,2 0,1 2,1 1,1 0,1 1,1 0,2 0,1 1,9 0,12 0,end
white,12 0,3 0,1 2,8 0,2 0,1 1,1 2,1 0,1 1,1 2,5 0,2 0,1 2,3 1,2 2,2 0,1 2,1 0,3 0,1 2,3 1,1 2,1 1,1 2,2 0,3 1,2 2,2 1,2 2,3 0,1 0,1 1,4 2,1 1,1 2,1 1,1 2,2 0,1 0,1 2,1 0,3 1,4 2,2 0,2 0,1 2,1 0,1 1,2 0,2 2,1 1,2 0,3 0,2 1,2 0,1 2,1 1,1 0,1 1,1 0,2 0,1 1,9 0,12 0,end
black,12 0,3 0,1 2,8 0,2 0,1 1,1 2,1 0,1 1,1 2,5 0,2 0,1 2,3 1,2 2,2 0,1 2,1 0,3 0,1 2,3 1,1 2,1 1,1 2,2 0,3 1,1 2,3 1,2 2,3 0,1 0,3 1,2 2,1 1,1 2,1 1,1 2,2 0,1 0,1 2,4 1,4 2,2 0,2 0,1 2,1 0,1 1,2 0,2 2,1 1,2 0,3 0,2 1,2 0,1 2,1 1,1 0,1 1,1 0,2 0,1 1,9 0,12 0,end
white,12 0,3 0,1 2,8 0,2 0,1 1,1 2,1 0,1 1,1 2,5 0,2 0,1 2,3 1,2 2,1 0,2 2,1 0,3 0,1 2,3 1,3 2,2 0,3 1,1 2,3 1,2 2,3 0,1 0,3 1,2 2,1 1,1 2,1 1,1 2,2 0,1 0,1 2,4 1,4 2,2 0,2 0,1 2,1 0,1 1,2 0,2 2,1 1,2 0,3 0,2 1,2 0,1 2,1 1,1 0,1 1,1 0,2 0,1 1,9 0,12 0,end
black,12 0,3 0,1 2,8 0,2 0,1 1,1 2,1 0,1 1,1 2,5 0,2 0,1 2,3 1,2 2,1 0,2 2,1 0,3 0,1 2,3 1,3 2,2 0,3 1,1 2,3 1,2 2,3 0,1 0,3 1,2 2,1 1,1 2,1 1,1 2,2 0,6 1,4 2,2 0,2 0,1 2,1 0,1 1,2 0,2 2,1 1,2 0,3 0,2 1,2 0,1 2,1 1,1 0,1 1,1 0,2 0,1 1,9 0,12 0,end
white,12 0,3 0,1 2,8 0,2 0,1 1,1 2,1 0,1 1,1 2,5 0,2 0,1 2,3 1,2 2,1 0,2 2,1 0,3 0,1 2,3 1,3 2,2 0,3 1,1 2,3 1,2 2,3 0,1 0,3 1,2 2,1 1,1 2,1 1,1 2,2 0,5 1,5 2,2 0,2 0,1 2,1 0,1 1,1 0,3 2,1 1,2 0,3 0,2 1,2 0,1 2,1 1,1 0,1 1,1 0,2 0,1 1,9 0,12 0,end
black,12 0,3 0,1 2,8 0,2 0,1 1,1 2,1 0,1 1,1 2,5 0,2 0,1 2,6 1,2 2,1 0,3 0,1 2,5 1,1 2,2 0,3 1,1 2,3 1,1 2,1 1,3 0,1 0,3 1,2 2,1 1,1 2,1 1,1 2,2 0,5 1,5 2,2 0,2 0,1 2,1 0,1 1,1 0,3 2,1 1,2 0,3 0,2 1,2 0,1 2,1 1,1 0,1 1,1 0,2 0,1 1,9 0,12 0,end
white,12 0,3 0,1 2,8 0,2 0,1 1,1 2,1 0,1 1,2 2,4 0,2 0,1 2,4 1,4 2,1 0,3 0,1 2,3 1,1 2,1 1,1 2,2 0,3 1,1 2,3 1,1 2,1 1,3 0,1 0,3 1,2 2,1 1,1 2,1 1,1 2,2 0,5 1,5 2,2 0,2 0,1 2,1 0,1 1,1 0,3 2,1 1,2 0,3 0,2 1,2 0,1 2,1 1,1 0,1 1,1 0,2 0,1 1,9 0,12 0,end
black,12 0,3 0,1 2,8 0,2 0,1 1,1 2,1 0,1 1,2 2,4 0,2 0,1 2,9 1,3 0,1 2,3 1,1 2,1 1,1 2,2 0,3 1,1 2,3 1,1 2,1 1,3 0,1 0,3 1,2 2,1 1,1 2,1 1,1 2,2 0,5 1,5 2,2 0,2 0,1 2,1 0,1 1,1 0,3 2,1 1,2 0,3 0,2 1,2 0,1 2,1 1,1 0,1 1,1 0,2 0,1 1,9 0,12 0,end
white,12 0,3 0,1 2,8 0,2 0,1 1,1 2,1 0,1 1,2 2,4 0,2 0,1 2,9 1,3 0,1 2,3 1,1 2,1 1,1 2,2 0,3 1,1 2,3 1,1 2,1 1,3 0,6 2,1 1,1 2,1 1,1 2,2 0,1 1,1 2,3 1,5 2,2 0,2 0,1 2,1 0,1 1,1 0,3 2,1 1,2 0,3 0,2 1,2 0,1 2,1 1,1 0,1 1,1 0,2 0,1 1,9 0,12 0,end
black,3 0,1 1,8 0,3 0,1 1,8 0,2 0,2 1,1 0,1 1,2 2,4 0,2 0,1 2,9 1,3 0,1 2,3 1,1 2,1 1,1 2,2 0,3 1,1 2,3 1,1 2,1 1,3 0,6 2,1 1,1 2,1 1,1 2,2 0,1 1,1 2,3 1,5 2,2 0,2 0,1 2,1 0,1 1,1 0,3 2,1 1,2 0,3 0,2 1,2 0,1 2,1 1,1 0,1 1,1 0,2 0,1 1,9 0,12 0,end
white,3 0,1 1,8 0,3 0,1 1,8 0,2 0,2 1,1 0,1 1,2 2,4 0,2 0,1 2,9 1,3 0,1 2,3 1,1 2,1 1,1 2,2 0,3 1,1 2,3 1,1 2,1 1,3 0,6 2,1 1,1 2,1 1,1 2,2 0,1 1,2 2,2 1,5 2,2 0,1 0,2 2,1 0,1 1,1 0,3 2,1 1,2 0,3 0,2 1,2 0,1 2,1 1,1 0,1 1,1 0,2 0,1 1,9 0,12 0,end
black,3 0,1 1,8 0,3 0,1 1,8 0,2 0,2 1,1 0,1 1,2 2,4 0,2 0,10 1,1 0,1 1,1 0,1 2,3 1,1 2,1 1,1 2,2 0,3 1,1 2,3 1,1 2,1 1,3 0,6 2,1 1,1 2,1 1,1 2,2 0,1 1,2 2,2 1,5 2,2 0,1 0,2 2,1 0,1 1,1 0,3 2,1 1,2 0,3 0,2 1,2 0,1 2,1 1,1 0,1 1,1 0,2 0,1 1,9 0,12 0,end
white,3 0,1 1,8 0,3 0,1 1,8 0,2 0,2 1,1 0,1 1,2 2,4 0,2 0,10 1,1 0,1 1,1 0,1 2,3 1,1 2,1 1,1 2,2 0,3 1,1 2,3 1,1 2,1 1,3 0,6 2,1 1,1 2,1 1,1 2,2 0,1 1,2 2,2 1,5 2,2 0,1 0,2 2,1 0,1 1,1 0,3 2,1 1,2 0,3 0,2 1,2 0,2 2,1 0,1 1,1 0,2 0,1 1,6 0,1 2,2 0,12 0,end
black,3 0,1 1,8 0,3 0,1 1,8 0,2 0,2 1,1 0,1 1,2 2,4 0,2 0,10 1,1 0,1 1,1 0,1 2,3 1,1 2,1 1,1 2,2 0,3 1,1 2,3 1,1 2,1 1,3 0,6 2,1 1,1 2,1 1,1 2,2 0,1 1,2 2,2 1,3 2,1 1,1 2,2 0,1 0,2 2,1 0,1 1,1 0,2 2,2 1,2 0,3 0,2 1,2 0,1 2,1 1,1 0,1 1,1 0,2 0,1 1,5 0,1 1,1 2,2 0,12 0,end
white,3 0,1 1,8 0,3 0,1 1,8 0,2 0,2 1,1 0,1 1,2 2,2 0,1 2,1 0,2 0,7 1,1 2,2 1,1 0,1 1,1 0,1 2,3 1,3 2,2 0,3 1,1 2,3 1,1 2,1 1,3 0,6 2,1 1,1 2,1 1,1 2,2 0,1 1,2 2,2 1,3 2,1 1,1 2,2 0,1 0,2 2,1 0,1 1,1 0,2 2,2 1,2 0,3 0,2 1,2 0,1 2,1 1,1 0,1 1,1 0,2 0,1 1,5 0,1 1,1 2,2 0,12 0,end
black,3 0,1 1,8 0,3 0,1 1,8 0,2 0,2 1,1 0,1 1,2 2,2 0,1 2,1 0,2 0,7 1,1 2,2 1,1 0,6 1,3 2,2 0,7 1,1 2,1 1,3 0,4 2,1 1,1 2,1 1,1 2,1 1,1 2,2 0,1 1,2 2,3 1,2 2,1 1,1 2,2 0,1 0,2 2,1 0,1 1,1 0,1 1,1 2,2 1,2 0,3 0,2 1,2 0,2 1,1 0,1 1,1 0,2 0,1 1,5 0,1 1,1 2,2 0,12 0,end
white,3 0,1 1,8 0,3 0,1 1,2 0,1 2,5 0,2 0,2 1,1 0,3 2,2 0,1 2,1 0,2 0,2 1,1 2,4 1,1 2,2 1,1 0,2 1,1 2,3 1,3 2,2 0,2 1,1 2,4 1,1 2,1 1,3 0,4 2,1 1,1 2,1 1,1 2,1 1,1 2,2 0,1 1,2 2,3 1,2 2,1 1,1 2,2 0,1 0,2 2,1 0,1 1,1 0,1 1,1 2,2 1,2 0,3 0,2 1,2 0,2 1,1 0,1 1,1 0,2 0,1 1,5 0,1 1,1 2,2 0,12 0,end
black,3 0,1 1,8 0,3 0,1 1,2 0,1 2,5 0,2 0,2 1,1 0,3 2,2 0,1 2,1 0,2 0,2 1,1 2,4 1,1 2,2 1,1 0,2 1,1 2,3 1,3 2,2 0,2 1,1 2,4 1,1 2,1 1,3 0,4 2,1 1,1 2,1 1,1 2,1 1,1 2,2 0,1 1,2 2,3 1,2 2,1 1,1 2,2 0,1 0,2 2,1 0,1 1,1 0,1 1,1 2,2 1,2 0,3 0,2 1,2 0,2 1,1 0,1 1,1 0,2 0,1 1,5 0,3 1,1 0,12 0,end
white,3 0,1 1,8 0,3 0,1 1,2 0,1 2,5 0,2 0,2 1,1 0,3 2,2 0,1 2,1 0,2 0,2 1,1 2,4 1,1 2,2 1,1 0,2 1,1 2,3 1,3 2,2 0,2 1,1 2,4 1,1 2,1 1,3 0,4 2,1 1,1 2,1 1,1 2,1 1,1 2,2 0,3 2,3 1,2 2,1 1,1 2,2 0,3 2,1 0,1 1,1 0,1 1,1 2,2 1,2 0,3 0,2 1,2 0,2 1,1 0,1 1,1 0,2 0,1 1,5 0,3 1,1 0,12 0,end
black,3 0,1 1,1 0,1 1,6 0,3 0,1 1,2 0,1 1,5 0,2 0,2 1,1 0,2 2,1 1,2 0,1 2,1 0,2 0,2 1,1 2,4 1,1 2,2 1,1 0,2 1,1 2,3 1,3 2,2 0,2 1,1 2,4 1,1 2,1 1,3 0,4 2,1 1,1 2,1 1,1 2,1 1,1 2,2 0,3 2,3 1,2 2,1 1,1 2,2 0,3 2,1 0,1 1,1 0,1 1,1 2,2 1,2 0,3 0,2 1,2 0,2 1,1 0,1 1,1 0,2 0,1 1,5 0,3 1,1 0,12 0,end
white,3 0,1 1,1 0,1 1,6 0,3 0,1 1,2 0,1 1,1 0,1 2,3 0,2 0,2 1,1 0,3 2,2 0,1 2,1 0,2 0,2 1,1 2,1 1,1 2,2 1,1 2,2 1,1 0,2 1,1 2,1 1,1 2,1 1,3 2,2 0,2 1,1 2,1 1,1 2,2 1,1 2,1 1,3 0,4 2,1 1,1 2,1 1,1 2,1 1,1 2,2 0,3 2,3 1,2 2,1 1,1 2,2 0,3 2,1 0,1 1,1 0,1 1,1 2,2 1,2 0,3 0,2 1,2 0,2 1,1 0,1 1,1 0,2 0,1 1,5 0,3 1,1 0,12 0,end
black,3 0,1 1,1 0,1 1,6 0,3 0,1 1,2 0,1 1,1 0,1 2,3 0,2 0,2 1,1 0,3 2,2 0,1 2,1 0,2 0,2 1,1 2,1 1,1 2,2 1,1 2,2 1,1 0,2 1,1 2,1 1,1 2,1 1,2 2,1 1,2 0,2 1,1 2,1 1,1 2,2 1,1 2,1 1,1 0,1 1,1 0,4 2,1 1,1 2,1 1,1 2,2 1,2 0,3 2,3 1,2 2,1 1,1 2,2 0,3 2,1 0,1 1,1 0,1 1,1 2,2 1,2 0,3 0,2 1,2 0,2 1,1 0,1 1,1 0,2 0,1 1,5 0,3 1,1 0,12 0,end
white,3 0,1 1,1 0,1 1,6 0,3 0,1 1,2 0,1 1,1 0,1 2,3 0,2 0,2 1,1 0,3 2,2 0,1 2,1 0,2 0,2 1,1 2,1 1,1 2,2 1,2 2,1 1,1 0,2 1,1 2,1 1,1 2,1 1,4 2,1 0,2 1,1 2,1 1,1 2,2 1,1 2,1 1,1 0,1 1,1 0,4 2,1 1,1 2,1 1,1 2,2 1,2 0,3 2,3 1,2 2,1 1,1 2,2 0,3 2,1 0,1 1,1 0,1 1,1 2,2 1,2 0,3 0,2 1,2 0,2 1,1 0,1 1,1 0,2 0,1 1,5 0,3 1,1 0,12 0,end
black,3 0,1 1,1 0,1 1,6 0,3 0,1 1,2 0,1 1,1 0,1 2,3 0,2 0,3 1,3 2,2 0,1 2,1 0,2 0,4 1,1 2,2 1,2 2,1 1,1 0,2 1,1 2,1 1,1 2,1 1,4 2,1 0,2 1,1 2,1 1,1 2,2 1,1 2,1 1,1 0,1 1,1 0,4 2,1 1,1 2,1 1,1 2,2 1,2 0,3 2,3 1,2 2,1 1,1 2,2 0,3 2,1 0,1 1,1 0,1 1,1 2,2 1,2 0,3 0,2 1,2 0,2 1,1 0,1 1,1 0,2 0,1 1,5 0,3 1,1 0,12 0,end
white,3 0,1 1,1 0,1 1,6 0,3 0,1 1,2 0,1 1,1 0,1 2,3 0,2 0,3 1,3 2,2 0,1 2,1 0,2 0,4 1,1 2,2 1,2 2,1 1,1 0,2 1,1 2,1 1,1 2,1 1,4 2,1 0,2 1,1 2,1 1,1 2,2 1,3 2,1 1,1 0,4 2,1 1,1 2,1 1,3 2,2 0,3 2,3 1,2 2,1 1,1 2,2 0,3 2,1 0,1 1,1 0,1 1,1 2,2 1,2 0,3 0,2 1,2 0,2 1,1 0,1 1,1 0,2 0,1 1,5 0,3 1,1 0,12 0,end
black,3 0,1 1,1 0,1 1,6 0,3 0,1 1,2 0,1 1,1 0,1 2,3 0,2 0,3 1,3 2,2 0,1 2,1 0,2 0,4 1,1 2,2 1,2 2,1 1,1 0,2 1,1 2,1 1,1 2,1 1,4 2,1 0,2 1,1 2,1 1,1 2,2 1,3 2,1 1,1 0,1 2,1 1,2 2,1 1,1 2,1 1,3 2,2 0,2 2,4 1,2 2,1 1,1 2,2 0,3 2,2 1,1 0,1 1,1 2,2 1,2 0,3 0,2 1,2 0,2 1,1 0,1 1,1 0,2 0,1 1,5 0,3 1,1 0,12 0,end
white,3 0,1 1,1 0,1 1,6 0,3 0,1 1,1 0,1 2,1 1,1 0,1 2,3 0,2 0,2 1,4 2,2 0,1 2,1 0,2 0,1 1,1 2,2 1,1 2,2 1,2 2,1 1,1 0,1 1,2 2,1 1,1 2,1 1,4 2,1 0,1 1,2 2,1 1,1 2,2 1,3 2,1 1,1 0,1 2,1 1,2 2,1 1,1 2,1 1,3 2,2 0,2 2,4 1,2 2,1 1,1 2,2 0,3 2,2 1,1 0,1 1,1 2,2 1,2 0,3 0,2 1,2 0,2 1,1 0,1 1,1 0,2 0,1 1,5 0,3 1,1 0,12 0,end
black,3 0,1 1,1 0,1 1,6 0,3 0,4 1,1 0,1 2,3 0,2 0,3 1,3 2,2 0,1 2,1 0,2 0,1 1,1 2,2 1,1 2,2 1,2 2,1 1,1 0,1 1,2 2,1 1,1 2,1 1,4 2,1 0,1 1,2 2,1 1,1 2,2 1,3 2,1 1,1 0,1 2,1 1,2 2,1 1,1 2,1 1,3 2,2 0,2 2,4 1,2 2,1 1,1 2,2 0,3 2,2 1,1 0,1 1,1 2,2 1,2 0,3 0,2 1,2 0,2 1,1 0,1 1,1 0,2 0,1 1,5 0,3 1,1 0,12 0,end
white,3 0,1 1,1 0,1 1,6 0,3 0,4 1,1 0,1 2,3 0,2 0,3 1,3 2,2 0,1 2,1 0,2 0,1 1,1 2,2 1,1 2,2 1,2 2,1 1,1 0,1 1,2 2,1 1,1 2,1 1,4 2,1 0,1 1,2 2,1 1,1 2,2 1,3 2,1 1,1 0,1 2,1 1,2 2,1 1,1 2,1 1,3 2,2 0,2 2,4 1,4 2,2 0,3 2,2 1,1 0,1 1,1 2,1 1,1 2,2 0,3 0,2 1,2 0,2 1,1 0,1 2,1 0,2 0,1 1,5 0,3 1,1 2,12 0,end
black,3 0,1 1,1 0,1 1,6 0,3 0,4 1,1 0,1 2,3 0,2 0,7 1,1 0,1 2,1 0,2 0,1 1,1 2,2 1,1 2,2 1,2 2,1 1,1 0,1 1,2 2,1 1,1 2,1 1,4 2,1 0,1 1,2 2,1 1,1 2,2 1,3 2,1 1,1 0,1 2,1 1,2 2,1 1,1 2,1 1,3 2,2 0,2 2,4 1,4 2,2 0,3 2,2 1,1 0,1 1,1 2,1 1,1 2,2 0,3 0,2 1,2 0,2 1,1 0,1 2,1 0,2 0,1 1,5 0,3 1,1 2,12 0,end
white,3 0,1 1,1 0,1 1,6 0,3 0,4 1,1 0,1 2,3 0,2 0,7 1,1 0,1 2,1 0,2 0,1 1,1 2,2 1,1 2,2 1,2 2,1 1,1 0,1 1,2 2,1 1,1 2,1 1,4 2,1 0,1 1,2 2,1 1,1 2,2 1,3 2,1 1,1 0,1 2,1 1,2 2,1 1,5 2,2 0,2 2,3 1,5 2,2 0,3 2,1 1,1 2,1 0,1 1,1 2,1 1,1 2,2 0,3 0,1 2,1 1,2 0,2 1,1 0,1 2,1 0,2 0,1 2,5 0,3 1,1 2,1 0,1 2,10 0,end
black,3 0,1 1,1 0,1 1,6 0,3 0,4 1,1 0,1 2,3 0,2 0,7 1,1 0,1 2,1 0,2 0,1 1,1 2,2 1,1 2,2 1,2 2,1 1,1 0,1 1,2 2,1 1,1 2,1 1,4 2,1 0,1 1,2 2,1 1,1 2,2 1,3 2,1 1,1 0,1 2,1 1,2 2,1 1,5 2,2 0,1 2,4 1,5 2,2 0,1 2,3 1,1 2,1 0,1 1,1 2,1 1,1 2,2 0,1 0,1 1,1 0,1 2,1 1,2 0,2 1,1 0,1 2,1 0,2 0,1 2,5 0,3 1,1 2,1 0,1 2,10 0,end
white,3 0,1 1,1 0,1 1,6 0,3 0,4 1,1 0,1 2,3 0,2 0,7 1,1 0,1 2,1 0,2 0,1 1,1 2,2 1,1 2,2 1,2 2,1 1,1 0,1 1,2 2,1 1,1 2,1 1,4 2,1 0,1 1,2 2,1 1,1 2,2 1,3 2,1 1,1 0,1 2,1 1,2 2,1 1,5 2,2 0,1 2,1 1,1 2,2 1,5 2,2 0,2 2,2 1,1 2,1 0,1 1,1 2,1 1,1 2,2 0,1 2,1 1,1 0,1 2,1 1,2 0,2 1,1 0,1 2,1 0,2 0,1 2,5 0,3 1,1 2,1 0,1 2,10 0,end
black,3 0,1 1,1 0,1 1,6 0,3 0,4 1,1 0,1 2,3 0,2 0,7 1,1 0,1 2,1 0,2 0,1 1,1 2,2 1,1 2,2 1,2 2,1 1,1 0,1 1,2 2,1 1,1 2,1 1,4 2,1 0,1 1,2 2,1 1,1 2,2 1,3 2,1 1,1 0,1 2,1 1,2 2,1 1,5 2,2 0,1 2,1 1,1 2,2 1,5 2,2 0,2 2,2 1,1 2,1 0,1 1,1 2,1 1,1 2,2 0,1 2,1 1,1 0,2 1,2 0,2 1,1 0,1 2,1 0,2 0,1 2,1 1,4 0,3 1,1 2,1 0,1 2,10 0,end
white,3 0,1 1,1 0,1 1,6 0,3 0,4 1,1 0,1 2,3 0,2 0,7 1,1 0,1 2,1 0,1 0,3 2,2 1,1 2,2 1,2 2,1 1,1 0,3 2,1 1,1 2,1 1,4 2,1 0,1 1,2 2,1 1,1 2,2 1,3 2,1 1,1 0,1 2,1 1,2 2,1 1,5 2,2 0,1 2,1 1,1 2,2 1,5 2,2 0,2 2,2 1,1 2,1 0,1 1,1 2,1 1,1 2,2 0,1 2,1 1,1 0,2 1,2 0,2 1,1 0,1 2,1 0,2 0,1 2,1 1,4 0,3 1,1 2,1 0,1 2,10 0,end
black,3 0,1 1,1 0,1 1,6 0,3 0,4 1,1 0,1 2,3 0,2 0,7 1,1 0,1 2,1 0,1 0,3 2,2 1,1 2,3 1,1 2,1 1,1 0,3 2,1 1,1 2,1 1,3 2,1 1,1 0,1 1,2 2,1 1,1 2,2 1,3 2,2 1,1 2,1 1,2 2,1 1,5 2,2 0,1 2,1 1,1 2,2 1,5 2,2 0,2 2,2 1,1 2,1 0,1 1,1 2,1 1,1 2,2 0,1 2,1 1,1 0,2 1,2 0,2 1,1 0,1 2,1 0,2 0,1 2,1 1,4 0,3 1,1 2,1 0,1 2,10 0,end
white,3 0,1 1,1 0,1 1,6 0,3 0,4 1,1 0,1 2,3 0,2 0,7 1,1 0,1 2,1 0,1 0,3 2,2 1,1 2,3 1,1 2,1 1,1 0,3 2,1 1,1 2,1 1,3 2,1 1,1 0,1 1,2 2,1 1,1 2,2 1,3 2,2 1,1 2,1 1,2 2,1 1,5 2,2 0,1 2,1 1,1 2,2 1,5 2,2 0,2 2,1 1,2 2,1 0,1 1,1 2,1 1,1 2,2 0,1 2,1 1,1 0,1 1,1 2,2 0,2 1,1 0,1 2,1 0,2 0,1 2,1 1,1 0,1 2,2 0,3 1,1 2,1 0,1 2,10 0,end
black,3 0,1 1,1 0,1 1,6 0,3 0,4 1,1 0,1 2,3 0,2 0,7 1,1 0,1 2,1 0,1 0,3 2,2 1,1 2,3 1,1 2,1 1,1 0,3 2,1 1,1 2,1 1,3 2,1 1,1 0,1 1,2 2,1 1,1 2,2 1,3 2,2 1,1 2,1 1,2 2,1 1,5 2,2 0,1 2,1 1,1 2,2 1,5 2,2 0,2 2,1 1,2 2,1 0,1 1,1 2,1 1,1 2,1 0,1 1,1 2,1 1,1 0,1 1,1 2,2 0,2 1,1 0,1 1,1 0,2 0,1 2,1 1,1 0,1 2,2 0,3 1,1 2,1 0,1 2,10 0,end
white,3 0,1 1,1 0,1 1,6 0,3 0,4 1,2 2,3 0,2 0,4 1,2 2,1 1,1 0,1 2,1 0,1 0,3 2,1 1,3 2,2 1,1 2,1 1,1 0,5 2,1 1,3 2,1 1,1 0,1 1,4 2,2 1,3 2,2 1,1 2,1 1,2 2,1 1,5 2,2 0,1 2,1 1,1 2,2 1,5 2,2 0,2 2,1 1,2 2,1 0,1 1,1 2,1 1,1 2,1 0,1 1,1 2,1 1,1 0,1 1,1 2,2 0,2 1,1 0,1 1,1 0,2 0,1 2,1 1,1 0,1 2,2 0,3 1,1 2,1 0,1 2,10 0,end
black,3 0,1 1,1 0,1 1,6 0,3 0,4 1,2 2,3 0,2 0,4 1,2 2,1 1,1 0,1 2,1 0,1 0,3 2,1 1,3 2,2 1,1 2,1 1,1 0,5 2,1 1,3 2,1 1,1 0,1 1,4 2,2 1,3 2,2 1,1 2,1 1,2 2,2 1,4 2,2 0,1 2,1 1,1 2,3 1,4 2,2 0,2 2,5 1,1 2,1 1,1 2,1 0,1 1,1 2,1 1,1 0,2 1,2 0,2 1,1 0,1 1,1 0,2 0,1 2,1 1,1 0,1 2,2 0,3 1,1 2,1 0,1 2,10 0,end
white,3 0,1 1,1 0,1 1,1 2,5 0,3 0,2 1,4 2,3 0,2 0,2 1,1 2,1 1,2 2,1 1,1 0,1 2,1 0,1 0,3 2,1 1,3 2,2 1,1 2,1 1,1 0,5 2,1 1,3 2,1 1,1 0,1 1,4 2,2 1,3 2,2 1,1 2,1 1,2 2,2 1,4 2,2 0,1 2,1 1,1 2,3 1,4 2,2 0,2 2,5 1,1 2,1 1,1 2,1 0,1 1,1 2,1 1,1 0,2 1,2 0,2 1,1 0,1 1,1 0,2 0,1 2,1 1,1 0,1 2,2 0,3 1,1 2,1 0,1 2,10 0,end
black,3 0,1 1,1 0,1 1,1 2,5 0,3 0,2 1,4 2,2 0,1 1,2 0,2 1,1 2,1 1,2 2,1 1,1 0,1 1,1 0,1 0,3 2,1 1,3 2,2 1,1 2,1 1,1 0,5 2,1 1,3 2,1 1,1 0,1 1,4 2,2 1,3 2,2 1,1 2,1 1,2 2,2 1,4 2,2 0,1 2,1 1,1 2,3 1,4 2,2 0,2 2,5 1,1 2,1 1,1 2,1 0,1 1,1 2,1 1,1 0,2 1,2 0,2 1,1 0,1 1,1 0,2 0,1 2,1 1,1 0,1 2,2 0,3 1,1 2,1 0,1 2,10 0,end
white,3 0,1 1,1 0,1 1,1 2,5 0,3 0,2 1,4 2,2 0,1 1,2 0,2 1,1 2,1 1,2 2,1 1,1 0,1 1,1 0,1 0,3 2,1 1,3 2,2 1,1 2,1 1,1 0,5 2,1 1,3 2,1 1,1 0,1 1,4 2,2 1,4 2,1 1,1 2,1 1,2 2,2 1,4 2,1 0,1 2,1 2,1 1,1 2,3 1,4 2,2 0,2 2,5 1,1 2,1 1,1 2,1 0,1 1,1 2,1 1,1 0,2 1,2 0,2 1,1 0,1 1,1 0,2 0,1 2,1 1,1 0,1 2,2 0,3 1,1 2,1 0,1 2,10 0,end
black,3 0,1 1,1 0,1 1,1 2,5 0,3 0,2 1,4 2,2 0,1 1,2 0,2 1,1 2,1 1,2 2,1 1,1 0,1 1,1 0,1 0,3 2,1 1,3 2,2 1,1 2,1 1,1 0,5 2,1 1,3 2,1 1,1 0,1 1,4 2,2 1,4 2,1 1,1 2,1 1,2 2,2 1,4 2,1 0,1 1,1 2,1 1,1 2,3 1,4 2,1 0,1 1,2 2,5 1,1 2,1 1,1 2,1 0,1 1,1 2,1 1,1 0,2 1,2 0,2 1,1 0,1 1,1 0,2 0,1 2,1 1,1 0,1 2,2 0,3 1,1 2,1 0,1 2,10 0,end
white,3 0,1 1,1 0,1 1,1 2,5 0,3 0,2 1,4 2,2 0,1 1,2 0,2 1,1 2,1 1,2 2,1 1,1 0,1 1,1 0,1 0,3 2,1 1,3 2,2 1,1 2,1 1,1 0,5 2,1 1,3 2,1 1,1 0,1 1,4 2,2 1,4 2,1 1,1 2,1 1,2 2,2 1,4 2,1 0,1 1,1 2,1 1,1 2,3 1,4 2,1 0,1 1,2 2,5 1,1 2,1 1,1 2,1 0,1 1,1 2,1 1,1 0,2 1,2 0,2 2,1 0,1 1,1 0,2 0,1 2,1 1,1 0,1 2,1 0,5 2,1 0,1 2,10 0,end
black,3 0,1 1,1 0,1 1,1 2,5 0,3 0,2 1,4 2,2 0,1 1,2 0,2 1,1 2,1 1,2 2,1 1,1 0,1 1,1 0,1 0,3 2,1 1,3 2,2 1,1 2,1 1,1 0,5 2,1 1,3 2,1 1,1 0,1 1,4 2,2 1,3 2,2 1,1 2,1 1,2 2,8 1,1 2,1 1,1 2,3 1,3 2,1 1,1 0,1 1,2 2,5 1,1 2,1 1,1 2,1 0,1 1,1 2,1 1,1 0,2 1,2 0,2 2,1 0,1 1,1 0,2 0,1 2,1 1,1 0,1 2,1 0,5 2,1 0,1 2,10 0,end
white,3 0,1 1,1 0,1 1,1 2,5 0,3 0,2 1,4 2,2 0,1 1,2 0,2 1,1 2,1 1,2 2,1 1,1 0,1 1,1 0,1 0,3 2,1 1,3 2,2 1,1 2,1 1,1 0,5 2,1 1,3 2,1 1,1 0,1 1,4 2,2 1,3 2,2 1,1 2,1 1,2 2,8 1,1 2,1 1,1 2,3 1,3 2,1 1,1 0,1 1,2 2,3 1,1 2,1 1,1 2,1 1,1 2,1 0,1 1,1 2,1 1,1 0,1 1,1 2,2 0,2 2,1 0,1 1,1 0,2 0,2 2,1 0,1 2,1 0,5 2,1 0,2 2,9 0,end
black,3 0,1 1,1 0,1 1,1 2,5 0,3 0,2 1,4 2,2 0,1 1,2 0,2 1,1 2,1 1,2 2,1 1,1 0,1 1,1 0,1 0,3 2,1 1,3 2,2 1,1 2,1 1,1 0,5 2,1 1,3 2,1 1,1 0,1 1,4 2,2 1,3 2,2 1,2 1,2 2,8 1,2 1,1 2,3 1,3 2,1 1,1 0,1 1,1 1,1 2,3 1,1 2,1 1,1 2,1 1,1 2,1 0,1 1,2 1,1 0,1 1,1 2,2 0,2 2,1 0,1 1,1 0,1 1,1 0,2 2,1 0,1 2,1 0,5 2,1 0,2 2,9 0,end
white,2 0,1 2,1 1,1 0,1 1,1 2,5 0,3 0,1 2,1 1,4 2,2 0,1 1,2 0,2 1,1 2,1 1,2 2,1 1,1 0,1 1,1 0,1 0,3 2,1 1,3 2,2 1,1 2,1 1,1 0,5 2,1 1,3 2,1 1,1 0,1 1,4 2,2 1,3 2,2 1,2 1,2 2,8 1,2 1,1 2,3 1,3 2,1 1,1 0,1 1,1 1,1 2,3 1,1 2,1 1,1 2,1 1,1 2,1 0,1 1,2 1,1 0,1 1,1 2,2 0,2 2,1 0,1 1,1 0,1 1,1 0,2 2,1 0,1 2,1 0,5 2,1 0,2 2,9 0,end
black,2 0,1 2,1 1,1 0,1 1,1 2,5 0,3 0,1 2,1 1,4 2,2 0,1 1,2 0,2 1,1 2,1 1,2 2,1 1,1 0,1 1,1 0,1 0,1 1,2 2,1 1,3 2,2 1,1 2,1 1,7 1,3 2,1 1,1 0,2 1,3 2,2 1,3 2,2 1,3 1,1 2,8 1,2 1,1 2,3 1,3 2,1 1,1 0,1 1,1 1,1 2,3 1,1 2,1 1,1 2,1 1,1 2,1 0,1 1,2 1,1 0,1 1,1 2,2 0,2 2,1 0,1 1,1 0,1 1,1 0,2 2,1 0,1 2,1 0,5 2,1 0,2 2,9 0,end
white,2 0,1 2,1 1,1 0,1 1,1 2,5 0,3 0,1 2,1 1,4 2,2 0,1 1,2 0,2 1,1 2,1 1,2 2,1 1,1 0,1 1,1 0,1 0,1 1,2 2,1 1,3 2,2 1,1 2,1 1,7 1,3 2,1 1,1 0,2 1,3 2,2 1,3 2,2 1,3 1,1 2,8 1,2 1,1 2,3 1,3 2,1 1,1 0,1 1,1 1,1 2,3 1,3 2,1 1,1 2,1 0,1 1,2 1,1 0,1 1,1 2,1 0,3 2,1 0,1 1,1 0,1 1,1 0,2 2,1 0,1 2,1 0,5 2,1 0,2 2,9 0,end
black,2 0,1 2,1 1,1 0,3 1,4 0,3 0,1 2,1 1,1 2,2 1,1 2,2 0,1 1,2 0,2 1,1 2,1 1,1 2,2 1,1 0,1 1,1 0,1 0,1 1,2 2,1 1,2 2,3 1,1 2,1 1,8 1,2 2,1 1,1 0,2 1,3 2,3 1,2 2,2 1,3 1,1 2,8 1,2 1,1 2,3 1,3 2,1 1,1 0,1 1,1 1,1 2,3 1,3 2,1 1,1 2,1 0,1 1,2 1,1 0,1 1,1 2,1 0,3 2,1 0,1 1,1 0,1 1,1 0,2 2,1 0,1 2,1 0,5 2,1 0,2 2,9 0,end
white,2 0,1 2,1 1,1 0,3 1,4 0,3 0,1 2,1 1,1 2,2 1,1 2,2 0,1 1,1 2,1 0,2 1,1 2,1 1,1 2,2 1,1 0,1 1,1 0,1 0,3 2,1 1,2 2,3 1,1 2,1 1,2 1,1 2,5 1,2 2,1 1,1 0,2 1,3 2,3 1,2 2,2 1,3 1,1 2,8 1,2 1,1 2,3 1,3 2,1 1,1 0,1 1,1 1,1 2,3 1,3 2,1 1,1 2,1 0,1 1,2 1,1 0,1 1,1 2,1 0,3 2,1 0,1 1,1 0,1 1,1 0,2 2,1 0,1 2,1 0,5 2,1 0,2 2,9 0,end
black,1 0,3 1,1 0,3 1,4 0,3 0,1 2,1 1,1 2,2 1,1 2,2 0,1 1,1 2,1 0,2 1,1 2,1 1,1 2,2 1,1 0,1 1,1 0,1 0,3 2,1 1,2 2,3 1,1 2,1 1,2 1,1 2,5 1,2 2,1 1,1 0,2 1,3 2,3 1,2 2,2 1,3 1,1 2,8 1,2 1,1 2,3 1,3 2,1 1,1 0,1 1,1 1,1 2,3 1,3 2,1 1,1 2,1 0,1 1,2 1,1 0,1 1,1 2,1 0,3 2,1 0,1 1,1 0,1 1,1 0,2 2,1 0,1 2,1 0,5 2,1 0,2 2,9 0,end
white,1 0,3 1,1 0,3 1,4 0,3 0,1 2,1 1,1 2,2 1,1 2,2 0,1 1,1 2,1 0,2 1,1 2,1 1,1 2,2 1,1 0,1 1,1 0,1 0,3 2,1 1,2 2,3 1,1 2,1 1,2 1,1 2,5 1,4 2,2 1,3 2,3 1,3 2,1 1,3 1,1 2,5 1,1 2,2 1,2 1,1 2,3 1,3 2,1 1,1 0,1 1,1 1,1 2,3 1,3 2,1 1,1 2,1 0,1 1,2 1,1 0,1 1,1 2,1 0,3 2,1 0,1 1,1 0,1 1,1 0,2 2,1 0,1 2,1 0,5 2,1 0,2 2,9 0,end
black,1 0,3 1,1 0,4 1,3 0,3 0,1 2,1 1,1 2,3 1,2 0,1 1,1 2,1 0,2 1,1 2,1 1,1 2,2 1,1 0,1 1,1 0,1 0,3 2,1 1,2 2,3 1,1 2,1 1,2 1,1 2,5 1,4 2,2 1,3 2,3 1,3 2,1 1,3 1,1 2,5 1,1 2,2 1,2 1,1 2,3 1,3 2,1 1,1 0,1 1,1 1,1 2,3 1,3 2,1 1,1 2,1 0,1 1,2 1,1 0,1 1,1 2,1 0,3 2,1 0,1 1,1 0,1 1,1 0,2 2,1 0,1 2,1 0,5 2,1 0,2 2,9 0,end
white,1 0,3 1,1 0,4 1,3 0,3 0,1 2,1 1,1 2,3 1,2 0,1 1,1 2,1 0,2 1,1 2,1 1,1 2,2 1,1 0,1 1,1 0,4 2,1 1,2 2,3 1,1 2,1 1,1 1,2 2,5 1,4 2,2 1,3 2,3 1,3 2,1 1,3 1,1 2,5 1,1 2,2 1,2 1,1 2,3 1,3 2,1 1,1 0,1 1,1 1,1 2,3 1,3 2,1 1,1 2,1 0,1 1,2 1,1 0,1 1,1 2,1 0,3 2,1 0,1 1,1 0,1 1,1 0,2 2,1 0,1 2,1 0,5 2,1 0,2 2,9 0,end
black,1 0,3 1,1 0,4 1,3 0,3 0,1 2,1 1,1 2,3 1,2 0,1 1,1 2,1 0,2 1,1 2,1 1,1 2,2 1,1 0,1 1,1 0,4 2,1 1,2 2,3 1,1 2,1 1,1 1,2 2,5 1,4 2,2 1,3 2,3 1,3 2,1 1,3 1,1 2,5 1,1 2,2 1,2 1,1 2,3 1,3 2,1 1,1 0,1 1,1 1,1 2,3 1,3 2,2 1,1 0,1 1,2 1,1 0,1 1,1 2,1 0,3 2,2 1,1 0,1 1,1 0,2 2,1 0,1 2,1 0,5 2,1 0,2 2,9 0,end
white,1 0,3 1,1 0,4 1,3 0,3 0,1 2,1 1,1 2,3 1,2 0,1 1,1 2,1 0,2 1,1 2,1 1,1 2,2 1,1 0,1 1,1 0,4 2,1 1,2 2,3 1,1 2,1 1,1 1,2 2,5 1,4 2,2 1,3 2,3 1,3 2,1 1,3 1,1 2,5 1,2 2,1 1,2 1,1 2,3 1,5 2,1 1,1 1,1 2,3 1,3 2,1 1,1 2,1 0,1 1,2 1,1 0,1 1,1 2,1 0,3 2,2 1,1 0,1 1,1 0,2 2,1 0,1 2,1 0,5 2,1 0,2 2,9 0,end
black,1 0,3 1,1 0,4 1,3 0,3 0,1 2,1 1,1 2,3 1,2 0,1 1,1 2,1 0,2 1,1 2,1 1,1 2,2 1,1 0,1 1,1 0,4 2,1 1,2 2,3 1,1 2,1 1,1 1,2 2,5 1,4 2,2 1,3 2,3 1,3 2,1 1,3 1,1 2,5 1,2 2,1 1,2 1,1 2,3 1,4 2,2 1,1 1,1 2,3 1,3 2,2 1,1 0,1 1,2 1,1 0,2 1,1 0,2 2,3 1,1 0,1 1,1 0,2 2,1 0,1 1,1 0,1 1,4 2,1 0,2 2,3 0,1 1,5 0,end
white,1 0,3 1,1 0,4 1,3 0,3 0,1 2,1 1,1 2,3 1,2 0,1 1,1 2,1 0,2 1,1 2,1 1,1 2,2 1,1 0,1 1,1 0,4 2,1 1,2 2,3 1,1 2,1 1,1 1,2 2,5 1,4 2,2 1,3 2,3 1,3 2,1 1,3 1,1 2,5 1,2 2,1 1,2 1,1 2,3 1,4 2,2 1,1 1,1 2,3 1,3 2,2 1,1 0,1 1,1 1,1 2,1 0,2 1,1 0,2 2,3 1,1 0,1 1,3 2,1 0,1 1,1 0,1 1,4 2,1 0,2 2,3 0,1 1,5 0,end
black,1 0,3 1,1 0,4 1,3 0,3 0,1 2,1 1,1 2,3 1,2 0,1 1,1 2,1 0,2 1,1 2,1 1,1 2,2 1,1 0,1 1,1 0,4 2,1 1,2 2,3 1,1 2,1 1,1 1,2 2,5 1,4 2,2 1,3 2,3 1,3 2,1 1,3 1,1 2,5 1,2 2,1 1,2 1,1 2,3 1,3 2,3 1,1 1,1 2,3 1,3 2,4 1,1 1,1 2,1 0,2 1,1 0,2 2,3 1,1 0,1 1,3 2,1 0,1 1,1 0,1 1,4 2,1 0,2 2,3 0,1 1,5 0,end
white,1 0,3 1,1 0,4 1,3 0,3 0,1 2,1 1,1 2,3 1,2 0,1 1,1 2,1 0,2 1,1 2,1 1,1 2,2 1,1 0,1 1,1 0,4 2,1 1,2 2,3 1,1 2,1 1,1 1,2 2,5 1,4 2,2 1,3 2,3 1,3 2,1 1,3 1,1 2,5 1,2 2,1 1,2 1,1 2,3 1,3 2,3 1,1 1,1 2,3 1,3 2,4 1,1 1,1 2,1 0,2 1,1 0,2 2,3 1,1 0,1 1,3 2,1 0,1 1,6 2,1 0,2 2,3 0,1 1,5 0,end
black,1 0,3 1,1 0,4 1,3 0,3 0,1 2,1 1,1 2,3 1,2 0,1 1,1 2,3 1,1 2,1 1,1 2,2 1,1 0,1 1,1 0,1 2,2 1,1 2,1 1,2 2,3 1,1 2,1 1,2 1,1 2,5 1,4 2,2 1,3 2,3 1,3 2,1 1,3 1,1 2,5 1,2 2,1 1,2 1,1 2,3 1,3 2,3 1,1 1,1 2,3 1,3 2,4 1,1 1,1 2,1 0,2 1,1 0,2 2,3 1,1 0,1 1,3 2,1 0,1 1,6 2,1 0,2 2,3 0,1 1,5 0,end
white,1 0,3 1,1 0,4 1,3 0,3 0,1 2,1 1,1 2,3 1,2 0,1 1,1 2,3 1,1 2,1 1,1 2,2 1,1 0,1 1,1 0,1 2,2 1,1 2,1 1,2 2,3 1,1 2,1 1,2 1,1 2,5 1,4 2,2 1,3 2,3 1,3 2,1 1,3 1,1 2,5 1,2 2,1 1,2 1,1 2,3 1,3 2,3 1,1 1,1 2,3 1,3 2,4 1,1 1,1 2,1 0,2 1,1 0,2 2,3 1,1 0,1 1,3 2,1 0,7 2,1 0,2 2,1 0,1 2,1 0,1 1,5 0,end
black,1 0,3 1,1 0,4 1,3 0,2 0,3 1,1 2,3 1,2 0,1 1,1 2,3 1,1 2,1 1,1 2,2 1,1 0,1 1,1 0,1 2,2 1,1 2,1 1,2 2,3 1,1 2,1 1,2 1,1 2,5 1,4 2,2 1,3 2,3 1,3 2,1 1,3 1,1 2,5 1,2 2,1 1,2 1,1 2,3 1,3 2,3 1,1 1,1 2,3 1,3 2,4 1,1 1,1 2,1 0,2 1,1 0,2 2,3 1,1 0,1 1,3 2,1 0,7 2,1 0,2 2,1 0,1 2,1 0,1 1,5 0,end
white,1 0,3 1,1 0,4 1,3 0,2 0,3 1,1 2,3 1,2 0,1 1,1 2,3 1,1 2,1 1,1 2,2 1,1 0,1 1,1 0,1 2,2 1,1 2,1 1,2 2,3 1,1 2,1 1,1 2,1 1,1 2,5 1,4 2,1 2,1 1,3 2,3 1,3 2,1 1,1 2,2 1,1 2,5 1,2 2,1 1,1 2,1 1,1 2,3 1,3 2,3 1,2 2,3 1,3 2,4 1,2 2,1 0,2 1,1 0,2 2,3 1,1 0,4 2,1 0,7 2,3 2,1 0,1 2,1 0,1 1,5 0,end
black,1 0,3 1,1 0,4 1,3 0,2 0,3 1,1 2,3 1,2 0,1 1,1 2,3 1,1 2,1 1,1 2,2 1,1 0,1 1,1 0,1 2,2 1,1 2,1 1,2 2,3 1,1 2,1 1,1 2,1 1,1 2,5 1,4 2,1 2,1 1,3 2,3 1,3 2,1 1,1 2,2 1,1 2,5 1,2 2,1 1,1 2,1 1,1 2,3 1,1 2,1 1,1 2,3 1,2 2,3 1,2 2,5 1,2 2,1 0,2 1,1 0,1 2,4 1,1 0,4 2,1 0,2 2,2 1,3 2,3 2,1 0,1 2,1 0,2 1,4 0,end
white,1 0,3 1,1 0,4 1,3 0,2 0,3 1,1 2,3 1,1 0,1 2,1 1,1 2,3 1,1 2,1 1,1 2,2 1,1 0,1 2,1 0,1 2,2 1,1 2,1 1,2 2,3 1,1 2,1 1,1 2,1 1,1 2,5 1,4 2,1 2,1 1,3 2,3 1,3 2,1 1,1 2,2 1,1 2,5 1,2 2,1 1,1 2,1 1,1 2,3 1,1 2,1 1,1 2,3 1,2 2,3 1,2 2,5 1,2 2,1 0,2 1,1 0,1 2,4 1,1 0,4 2,1 0,2 2,2 1,3 2,3 2,1 0,1 2,1 0,2 1,4 0,end
black,1 0,3 1,1 0,4 1,3 0,2 0,3 1,1 2,3 1,1 0,1 2,1 1,1 2,3 1,1 2,1 1,1 2,2 1,1 0,1 2,1 0,1 2,2 1,1 2,1 1,2 2,3 1,1 2,1 1,1 2,1 1,1 2,5 1,4 2,1 2,1 1,3 2,3 1,3 2,1 1,1 2,2 1,1 2,5 1,2 2,1 1,1 2,1 1,1 2,3 1,1 2,1 1,1 2,3 1,2 2,3 1,2 2,5 1,2 2,1 0,2 1,1 0,1 2,4 1,1 0,4 2,1 0,2 2,3 1,2 2,3 2,1 0,1 2,1 0,3 1,3 0,end
white,1 0,3 1,1 0,4 1,3 0,2 0,3 1,1 2,3 1,1 0,1 2,1 1,1 2,3 1,1 2,1 1,5 2,1 0,1 2,2 1,1 2,1 1,2 2,2 1,2 2,1 1,1 2,1 1,1 2,5 1,4 2,1 2,1 1,3 2,3 1,3 2,1 1,1 2,2 1,1 2,5 1,2 2,1 1,1 2,1 1,1 2,3 1,1 2,1 1,1 2,3 1,2 2,3 1,2 2,5 1,2 2,1 0,2 1,1 0,1 2,4 1,1 0,4 2,1 0,2 2,3 1,2 2,3 2,1 0,1 2,1 0,3 1,3 0,end
black,1 0,3 1,1 0,4 1,3 0,2 0,3 1,1 2,3 1,1 0,1 2,1 1,1 2,3 1,1 2,1 1,5 2,1 0,1 2,2 1,1 2,1 1,2 2,2 1,2 2,1 1,1 2,1 1,1 2,5 1,4 2,1 2,1 1,3 2,3 1,3 2,1 1,1 2,2 1,1 2,5 1,2 2,1 1,1 2,1 1,1 2,3 1,1 2,1 1,1 2,3 1,2 2,3 1,2 2,5 1,2 2,1 0,2 1,1 0,1 2,4 1,1 0,4 2,1 0,2 2,4 1,1 2,3 2,1 0,1 2,1 0,3 1,1 0,1 1,1 0,end
white,1 0,3 1,1 0,4 1,3 0,2 0,3 1,1 2,3 1,1 0,1 2,1 1,1 2,3 1,1 2,1 1,5 2,1 0,1 2,2 1,1 2,1 1,2 2,1 1,3 2,1 1,1 2,1 1,1 2,4 1,5 2,1 2,1 1,3 2,1 1,1 2,1 1,3 2,1 1,1 2,2 1,1 2,1 1,1 2,3 1,2 2,1 1,1 2,1 1,1 2,1 1,1 2,1 1,1 2,1 1,1 2,3 1,4 2,1 1,2 2,5 1,3 2,2 1,1 0,1 2,4 1,1 0,4 2,1 0,2 2,4 1,1 2,3 2,1 0,1 2,1 0,3 1,1 0,1 1,1 0,end
black,1 0,3 1,1 0,4 1,3 0,2 0,3 1,1 2,3 1,1 0,1 2,1 1,1 2,3 1,1 2,1 1,5 2,1 0,1 2,2 1,1 2,1 1,2 2,1 1,3 2,1 1,1 2,1 1,1 2,4 1,5 2,1 2,1 1,3 2,1 1,1 2,1 1,3 2,1 1,1 2,2 1,1 2,1 1,1 2,3 1,2 2,1 1,1 2,1 1,1 2,1 1,1 2,1 1,1 2,1 1,1 2,3 1,4 2,1 1,2 2,5 1,3 2,2 1,1 0,1 2,4 1,1 0,3 2,1 1,1 0,2 2,4 1,1 2,3 2,1 1,1 2,1 0,3 1,1 0,1 1,1 0,end
white,1 0,3 1,1 0,4 1,3 0,2 0,3 1,1 2,3 1,1 0,1 2,1 1,1 2,3 1,1 2,1 1,5 2,1 0,1 2,2 1,1 2,1 1,2 2,1 1,3 2,1 1,1 2,1 1,1 2,4 1,5 2,1 2,1 1,3 2,1 1,1 2,1 1,3 2,1 1,1 2,2 1,1 2,1 1,1 2,3 1,2 2,1 1,1 2,1 1,1 2,1 1,1 2,1 1,1 2,1 1,2 2,2 1,4 2,1 1,2 2,2 1,1 2,2 1,3 2,2 1,1 0,2 2,1 1,1 2,1 1,1 0,3 2,1 1,1 0,2 2,1 1,2 2,1 1,1 2,3 2,1 1,1 2,1 0,3 1,1 2,1 1,1 0,end
black,1 0,3 1,1 0,4 1,3 0,2 0,3 1,1 2,3 1,1 0,1 2,1 1,1 2,3 1,1 2,1 1,5 2,1 0,1 2,2 1,1 2,1 1,2 2,1 1,3 2,1 1,1 2,1 1,1 2,4 1,5 2,1 2,1 1,3 2,1 1,1 2,1 1,3 2,1 1,1 2,2 1,1 2,1 1,1 2,3 1,2 2,1 1,1 2,1 1,1 2,1 1,1 2,1 1,1 2,1 1,2 2,2 1,4 2,5 1,1 2,2 1,3 2,6 1,1 2,1 1,1 0,3 2,1 1,1 0,1 2,2 1,2 2,1 1,1 2,3 2,1 1,1 2,1 0,3 1,1 2,1 1,1 0,end
white,1 0,3 1,1 0,4 1,3 0,1 0,5 2,3 1,1 0,1 2,1 1,3 2,1 1,1 2,1 1,5 2,1 0,2 2,1 1,1 2,1 1,2 2,1 1,3 2,1 1,3 2,4 1,5 2,5 2,1 1,1 2,1 1,3 2,1 1,2 2,1 1,1 2,1 1,1 2,3 1,2 2,1 1,3 2,1 1,1 2,1 1,1 2,1 1,2 2,2 1,4 2,5 1,1 2,2 1,3 2,6 1,1 2,1 1,1 0,3 2,1 1,1 0,1 2,2 1,2 2,1 1,1 2,3 2,1 1,1 2,1 0,3 1,1 2,1 1,1 0,end
black,4 1,1 0,4 1,3 0,1 0,1 1,4 2,3 1,1 0,1 2,1 1,2 2,2 1,1 2,1 1,5 2,1 0,2 2,3 1,2 2,1 1,3 2,1 1,3 2,4 1,5 2,5 2,1 1,1 2,1 1,3 2,1 1,2 2,1 1,1 2,1 1,1 2,3 1,2 2,1 1,3 2,1 1,1 2,1 1,1 2,1 1,2 2,2 1,4 2,5 1,1 2,2 1,3 2,6 1,1 2,1 1,1 0,3 2,1 1,1 0,1 2,2 1,2 2,1 1,1 2,3 2,1 1,1 2,1 0,3 1,1 2,1 1,1 0,end
white,4 1,1 0,4 1,3 0,1 0,1 1,9 2,1 1,2 2,2 1,1 2,1 1,5 2,1 0,2 2,3 1,2 2,1 1,3 2,1 1,3 2,4 1,5 2,5 2,1 1,1 2,1 1,3 2,1 1,2 2,1 1,1 2,1 1,1 2,3 1,2 2,1 1,3 2,1 1,1 2,1 1,1 2,1 1,2 2,2 1,4 2,5 1,1 2,2 1,3 2,6 1,1 2,1 1,1 0,3 2,1 1,1 0,1 2,2 1,2 2,1 1,1 2,3 2,1 1,1 2,1 0,3 1,1 2,1 1,1 0,end
black,4 1,1 0,4 1,3 0,1 0,1 1,9 2,1 1,2 2,2 1,1 2,1 1,5 2,1 0,2 2,3 1,2 2,1 1,3 2,1 1,3 2,4 1,5 2,5 2,1 1,1 2,1 1,3 2,1 1,2 2,1 1,1 2,1 1,1 2,3 1,2 2,1 1,3 2,1 1,1 2,1 1,1 2,1 1,2 2,2 1,4 2,5 1,1 2,2 1,3 2,6 1,1 2,1 1,1 0,3 2,1 1,1 0,3 1,2 2,1 1,1 2,3 2,6 1,1 2,1 1,1 0,end
white,4 1,1 0,4 1,3 0,1 0,1 1,9 2,1 1,2 2,2 1,1 2,1 1,5 2,1 0,2 2,3 1,2 2,1 1,3 2,1 1,3 2,4 1,5 2,5 2,1 1,1 2,1 1,3 2,1 1,2 2,1 1,1 2,1 1,1 2,3 1,2 2,1 1,3 2,1 1,1 2,1 1,1 2,1 1,2 2,2 1,4 2,5 1,1 2,2 1,3 2,6 1,1 2,1 1,1 0,3 2,1 1,1 0,3 1,4 2,3 2,6 1,3 2,end
black,4 1,1 0,4 1,1 0,1 1,1 0,1 0,1 1,7 2,3 1,2 2,2 1,1 2,1 1,2 2,1 1,1 2,1 1,1 0,2 2,3 1,2 2,1 1,2 2,2 1,3 2,4 1,3 2,1 1,1 2,5 2,1 1,1 2,1 1,2 2,2 1,2 2,1 1,1 2,1 1,1 2,3 1,1 2,2 1,3 2,1 1,1 2,1 1,1 2,1 1,2 2,2 1,4 2,5 1,1 2,2 1,3 2,6 1,1 2,1 1,1 0,3 2,1 1,1 0,3 1,4 2,3 2,6 1,3 2,end
white,4 1,1 0,4 1,1 0,1 1,1 2,1 0,1 1,7 2,1 1,1 2,1 1,2 2,2 1,1 2,1 1,2 2,1 1,1 2,1 1,1 0,2 2,3 1,2 2,1 1,2 2,2 1,3 2,4 1,3 2,1 1,1 2,5 2,1 1,1 2,1 1,2 2,2 1,2 2,1 1,1 2,1 1,1 2,3 1,1 2,2 1,3 2,1 1,1 2,1 1,1 2,1 1,2 2,2 1,4 2,5 1,1 2,2 1,3 2,6 1,1 2,1 1,1 0,3 2,1 1,1 0,3 1,4 2,3 2,6 1,3 2,end
black,4 1,1 0,6 1,1 2,1 0,1 1,6 2,2 1,1 2,1 1,2 2,2 1,1 2,1 1,1 2,2 1,1 2,1 1,1 0,2 2,3 1,1 2,2 1,2 2,2 1,3 2,4 1,3 2,1 1,1 2,5 2,1 1,1 2,1 1,2 2,2 1,2 2,1 1,1 2,1 1,1 2,3 1,1 2,2 1,3 2,1 1,1 2,1 1,1 2,1 1,2 2,2 1,4 2,5 1,1 2,2 1,3 2,6 1,1 2,1 1,1 0,3 2,1 1,1 0,3 1,4 2,3 2,6 1,3 2,end
white,4 1,1 0,6 1,1 2,1 0,1 1,6 2,2 1,2 2,2 2,2 1,1 2,1 1,1 2,2 1,3 2,2 2,3 1,1 2,2 1,4 2,3 2,4 1,3 2,1 1,1 2,5 2,1 1,1 2,1 1,2 2,2 1,2 2,1 1,1 2,1 1,1 2,3 1,1 2,2 1,3 2,1 1,1 2,1 1,1 2,1 1,2 2,2 1,4 2,5 1,1 2,2 1,3 2,6 1,1 2,1 1,1 0,3 2,1 1,1 0,3 1,4 2,3 2,6 1,3 2,end
black,11 1,1 2,1 0,1 1,1 2,3 1,2 2,2 1,2 2,2 2,7 1,3 2,2 2,3 1,1 2,2 1,4 2,3 2,4 1,3 2,1 1,1 2,5 2,1 1,1 2,1 1,2 2,2 1,2 2,1 1,1 2,1 1,1 2,3 1,1 2,2 1,3 2,1 1,1 2,1 1,1 2,1 1,2 2,2 1,4 2,5 1,1 2,2 1,3 2,6 1,1 2,1 1,1 0,3 2,1 1,1 0,3 1,4 2,3 2,6 1,3 2,end
white,11 1,1 2,1 0,1 1,1 2,3 1,2 2,2 1,2 2,2 2,7 1,3 2,2 2,3 1,1 2,2 1,4 2,3 2,4 1,3 2,1 1,1 2,5 2,1 1,1 2,1 1,2 2,1 1,1 2,2 2,1 1,1 2,1 1,1 2,3 1,1 2,1 1,1 2,3 2,1 1,1 2,1 1,1 2,1 1,2 2,1 1,1 2,4 2,5 1,3 2,3 2,6 1,3 2,3 2,1 1,1 0,3 1,4 2,3 2,6 1,3 2,end
black,11 1,1 2,2 1,1 2,3 1,2 2,2 1,2 2,1 2,8 1,3 2,2 2,3 1,1 2,2 1,4 2,3 2,4 1,3 2,1 1,1 2,5 2,1 1,1 2,1 1,2 2,1 1,1 2,2 2,1 1,1 2,1 1,1 2,3 1,1 2,1 1,1 2,3 2,1 1,1 2,1 1,1 2,1 1,2 2,1 1,1 2,4 2,5 1,3 2,3 2,6 1,3 2,3 2,1 1,1 0,3 1,4 2,3 2,6 1,3 2,end
white,11 1,1 2,2 1,1 2,3 1,2 2,2 1,2 2,1 2,8 1,3 2,2 2,3 1,1 2,2 1,4 2,3 2,4 1,3 2,1 1,1 2,5 2,1 1,1 2,1 1,2 2,1 1,1 2,2 2,1 1,1 2,1 1,1 2,2 1,2 2,1 1,1 2,3 2,1 1,1 2,1 1,4 2,1 1,1 2,5 2,1 1,1 2,2 1,3 2,6 2,3 1,3 2,12 2,3 2,6 1,3 2,end
